1 0.000000 0.000000
2 22.538898 3.357000
3 23.381149 3.731667
4 23.489829 3.636500
5 28.360674 4.130000
6 28.530175 4.205167
7 39.769759 3.687857
8 44.683954 3.391625
9 53.698920 3.037778
10 56.572237 2.859100
11 56.633173 2.882636
12 56.659157 2.896667
13 66.048554 3.142000
14 68.573526 3.024214
15 68.616355 3.009933
16 68.958445 3.047688
17 70.263808 2.978412
18 71.017649 2.928778
19 72.099815 2.872526
20 72.117783 2.865650
21 73.515277 2.923333
22 73.775043 2.947045
23 79.003421 3.048696
24 84.167356 3.145417
25 84.488539 3.122280
26 84.558490 3.132654
27 85.583381 3.094444
28 87.657038 3.042071
29 88.636259 3.007345
30 89.746422 3.043067
31 90.259404 3.019581
32 90.569289 3.001906
33 90.585153 2.998030
34 94.398055 2.939735
35 94.413298 2.943314
36 94.463093 2.937028
37 96.491952 2.898000
38 96.504829 2.901026
39 102.751598 2.836103
40 103.466186 2.814700
41 106.608575 2.770927
42 108.210282 2.740429
43 108.210283 2.740442
44 108.746076 2.723614
45 109.808500 2.746778
46 111.556627 2.717717
47 120.407956 2.781702
48 120.410737 2.782812
49 120.667343 2.772367
50 122.700508 2.743560
51 123.809238 2.764412
52 126.974274 2.729865
53 169.675286 2.854340
54 170.098090 2.842185
55 173.874406 2.806527
56 174.857585 2.788661
57 174.915283 2.792912
58 177.552350 2.821155
59 179.106002 2.799847
60 179.127295 2.802300
61 180.900583 2.824311
62 180.982934 2.819645
63 182.272350 2.801476
64 183.049405 2.787594
65 185.612438 2.812415
66 185.819551 2.819364
67 186.612794 2.805970
68 187.680477 2.790662
69 192.301215 2.822043
70 193.758851 2.804671
71 194.601826 2.791648
72 216.481085 2.857069
73 219.922964 2.831479
74 226.012390 2.865054
75 226.049929 2.862453
76 229.202879 2.838934
77 229.678350 2.847948
78 232.862428 2.824923
79 232.916989 2.827899
80 234.129086 2.814050
81 234.796347 2.824198
82 234.804562 2.823085
83 234.804660 2.823205
84 240.466698 2.851702
85 243.906592 2.829753
86 244.229692 2.823105
87 247.036631 2.803736
88 248.670962 2.789125
89 249.468527 2.779034
90 249.548868 2.775867
91 251.440174 2.760670
92 255.083959 2.781533
93 258.691066 2.761000
94 258.703037 2.762170
95 258.813532 2.758653
96 262.128805 2.777719
97 274.561231 2.814258
98 275.585485 2.803878
99 291.078299 2.843838
100 293.255121 2.829010
101 293.848281 2.821347
102 314.615887 2.866245
103 319.105555 2.845573
104 320.441833 2.834404
105 320.694025 2.839210
106 320.956962 2.834349
107 321.683955 2.842355
108 322.059110 2.836657
109 322.102663 2.834734
110 322.136675 2.836418
111 329.760127 2.861405
112 332.430899 2.876062
113 332.453218 2.874735
114 333.453854 2.865921
115 337.107898 2.849226
116 338.630341 2.838543
117 343.701204 2.819214
118 343.881807 2.822831
119 350.320410 2.844244
120 371.548893 2.882800
121 372.797818 2.892074
122 373.469717 2.885328
123 374.326346 2.877772
124 376.209294 2.866661
125 418.035434 2.918608
126 418.393043 2.923373
127 418.675559 2.927575
128 419.348535 2.921141
129 421.310440 2.910240
130 425.769256 2.926546
131 432.402801 2.946282
132 437.423744 2.929242
133 437.442579 2.930278
134 443.072845 2.948052
135 443.324927 2.951785
136 449.253100 2.933816
137 451.493185 2.944781
138 453.172956 2.935355
139 454.943300 2.925748
140 455.120323 2.928764
141 455.136397 2.929667
142 455.191078 2.928014
143 459.190903 2.942049
144 459.613118 2.937521
145 462.185809 2.926421
146 462.931352 2.920486
147 464.748202 2.929687
148 465.297535 2.924662
149 468.665305 2.937020
150 469.696784 2.930227
151 473.921399 2.916570
152 474.002902 2.918454
153 482.418812 2.937477
154 485.264690 2.926487
155 489.736470 2.940174
156 507.462811 2.967250
157 509.346179 2.976019
158 510.881402 2.983886
159 514.518388 2.995918
160 514.522322 2.995525
161 514.707379 2.992845
162 519.287871 2.979593
163 520.361993 2.973215
164 523.646188 2.984299
165 523.669365 2.985224
166 523.899546 2.982325
167 525.695935 2.974275
168 526.761351 2.968113
169 529.611020 2.958095
170 529.630532 2.957271
171 530.400876 2.952123
172 530.486882 2.950413
173 531.602750 2.944289
174 532.396879 2.949425
175 536.336033 2.938051
176 547.368210 2.956977
177 557.974849 2.975429
178 557.993126 2.976191
179 580.126502 3.002547
180 580.755732 3.006967
181 581.350011 3.011238
182 583.299903 3.003544
183 583.531395 3.006180
184 583.822679 3.003239
185 584.947046 2.997492
186 585.176677 2.994909
187 585.177155 2.994791
188 600.974564 3.015989
189 605.806432 3.004328
190 606.850157 2.998937
191 610.837428 3.009419
192 615.255511 2.998443
193 616.478043 3.004187
194 617.966516 2.997881
195 618.152081 2.995667
196 618.462597 2.992816
197 618.782662 2.995695
198 619.017370 2.993242
199 619.425221 2.990025
200 619.441011 2.990655
201 622.919230 2.981353
202 623.731765 2.985827
203 623.737388 2.986197
204 628.055825 2.975985
205 649.443615 2.998600
206 654.244370 3.009262
207 654.316241 3.010560
208 654.820125 3.007139
209 658.077450 2.998483
210 659.633712 2.992529
211 660.070501 2.995668
212 660.597504 2.992236
213 660.599078 2.992423
214 663.782587 2.984065
215 672.908331 2.998149
216 672.983525 2.999421
217 677.789933 2.989295
218 679.156528 2.994670
219 681.380365 2.987845
220 681.407415 2.987095
221 681.545102 2.988778
222 682.749166 2.983824
223 683.230268 2.986942
224 684.186267 2.982567
225 684.207946 2.981911
226 687.581905 2.973765
227 687.606518 2.974458
228 691.953554 2.983623
229 695.580487 2.975288
230 697.179524 2.969778
231 698.422305 2.974615
232 728.382060 2.998259
233 731.338936 2.990863
234 743.474890 3.005782
235 743.805004 3.003332
236 745.746485 2.997415
237 746.287972 2.994304
238 749.967698 2.986227
239 750.096202 2.984724
240 752.223936 2.978633
241 774.113511 2.998087
242 774.115019 2.998248
243 776.273613 2.992189
244 779.443898 2.984877
245 779.457098 2.985347
246 783.885440 2.993919
247 783.954897 2.994988
248 786.856955 2.988105
249 788.083875 2.992562
250 788.405845 2.990288
251 788.810363 2.987749
252 789.113582 2.985560
253 789.961334 2.981913
254 806.114915 2.997768
255 822.885405 3.013859
256 824.525425 3.018871
257 826.657841 3.024564
258 826.694778 3.023818
259 827.738934 3.019865
260 828.269588 3.017058
261 831.839525 3.009805
262 838.668308 3.019798
263 842.260032 3.012578
264 844.470470 3.006936
265 901.198678 3.035411
266 901.869223 3.032327
267 902.017409 3.033772
268 902.455640 3.036246
269 905.544368 3.042792
270 907.253569 3.037941
271 907.431788 3.036380
272 908.780265 3.032103
273 910.394597 3.036766
274 918.961216 3.047467
275 919.683576 3.044371
276 922.014077 3.038830
277 922.398537 3.041072
278 927.225828 3.033155
279 927.541835 3.031136
280 931.568051 3.023957
281 932.041024 3.021505
282 933.571923 3.025901
283 933.951389 3.028081
284 934.172525 3.026423
285 937.692361 3.019828
286 938.098200 3.022059
287 943.237940 3.014146
288 943.262457 3.014691
289 943.323902 3.015550
290 964.516042 3.031452
291 968.311119 3.024746
292 968.685291 3.022647
293 969.163413 3.020283
294 975.596698 3.028925
295 977.346174 3.024434
296 978.542385 3.028135
297 978.547249 3.028370
298 978.739648 3.026896
299 980.132344 3.030849
300 983.555064 3.037027
301 987.321748 3.030568
302 991.463193 3.037318
303 997.074234 3.045149
304 997.656236 3.042635
305 997.700345 3.043325
306 997.925540 3.041771
307 1000.511673 3.036524
308 1000.516217 3.036305
309 1000.601028 3.037249
310 1006.193908 3.044890
311 1008.910584 3.039582
312 1016.056175 3.048163
313 1016.165494 3.047105
314 1016.219097 3.047844
315 1019.366249 3.042203
316 1020.165102 3.039370
317 1023.891231 3.033271
318 1025.555944 3.029208
319 1026.046913 3.031408
320 1027.623510 3.035337
321 1029.233063 3.039296
322 1031.438242 3.034677
323 1031.849997 3.032687
324 1031.882906 3.032127
325 1032.001652 3.031065
326 1032.001909 3.031015
327 1033.557177 3.027196
328 1037.589754 3.021064
329 1038.397407 3.018328
330 1039.493068 3.015152
331 1040.562809 3.018281
332 1040.649407 3.019169
333 1040.938874 3.020787
334 1041.001793 3.021539
335 1045.417656 3.015257
336 1045.465362 3.015908
337 1045.495171 3.015395
338 1047.481905 3.019571
339 1048.462218 3.016646
340 1053.660589 3.023362
341 1055.513893 3.019364
342 1075.255264 3.032374
343 1076.271636 3.035318
344 1076.307373 3.034767
345 1076.387362 3.035588
346 1076.800370 3.033728
347 1080.803727 3.027954
348 1084.709096 3.033641
349 1090.652253 3.040636
350 1094.411432 3.035089
351 1095.275888 3.032436
352 1095.525613 3.031014
353 1096.384384 3.028385
354 1101.524472 3.021972
355 1107.316347 3.028761
356 1107.336386 3.028362
357 1110.298045 3.023535
358 1111.396492 3.020603
359 1113.263785 3.024415
360 1115.356355 3.028439
361 1115.391018 3.027922
362 1119.351786 3.022417
363 1120.842377 3.025785
364 1123.520616 3.021283
365 1136.775454 3.031271
366 1137.296364 3.033246
367 1137.796609 3.031316
368 1137.908073 3.030408
369 1138.529548 3.028268
370 1141.754577 3.023408
371 1142.688288 3.026016
372 1144.606930 3.022288
373 1147.790713 3.027078
374 1148.932386 3.029939
375 1153.406087 3.024291
376 1160.694432 3.017101
377 1161.320192 3.015000
378 1161.393439 3.015717
379 1171.392335 3.024071
380 1171.642747 3.022753
381 1172.028308 3.021121
382 1172.306490 3.019738
383 1174.475664 3.015888
384 1174.799590 3.014404
385 1203.151677 3.028252
386 1206.640457 3.023407
387 1217.440482 3.031910
388 1222.485041 3.026113
389 1224.140012 3.022802
390 1224.245238 3.021969
391 1227.914435 3.017064
392 1229.792192 3.013564
393 1232.035162 3.009748
394 1233.349144 3.006835
395 1234.202299 3.004494
396 1238.781040 3.009904
397 1238.797873 3.009577
398 1238.903607 3.008759
399 1238.961658 3.009363
400 1238.996404 3.009830
401 1239.454712 3.008140
402 1241.717526 3.004393
403 1242.647197 3.001998
404 1242.807598 3.001005
405 1243.783314 2.998563
406 1244.814169 2.996059
407 1247.257191 2.999904
408 1247.328255 2.999250
409 1247.439039 2.998435
410 1247.874149 2.996824
411 1256.468444 3.003966
412 1259.064007 3.007881
413 1260.411258 3.010695
414 1262.169773 3.007488
415 1263.074821 3.005193
416 1263.602359 3.003445
417 1263.739259 3.002556
418 1266.388360 2.998658
419 1271.521456 3.004072
420 1271.564587 3.004567
421 1271.893777 3.005931
422 1273.415218 3.003005
423 1273.446475 3.002586
424 1274.896485 2.999743
425 1276.006350 2.997261
426 1291.751955 3.006587
427 1294.678040 3.002576
428 1311.215803 3.012089
429 1314.978720 3.007562
430 1318.454670 3.003221
431 1320.089833 3.000251
432 1320.271102 2.999264
433 1321.742134 2.996460
434 1322.730790 2.994166
435 1345.363230 3.005115
436 1345.377865 3.004837
437 1347.661304 3.001375
438 1369.240235 3.011993
439 1383.617079 3.020640
440 1385.918105 3.017189
441 1386.110555 3.016193
442 1386.300388 3.015206
443 1386.320850 3.014883
444 1388.545228 3.018245
445 1390.298904 3.021225
446 1392.709102 3.017740
447 1394.462756 3.014774
448 1395.621760 3.012368
449 1398.129555 3.008837
450 1403.371889 3.013931
451 1403.411375 3.013490
452 1410.247471 3.007699
453 1424.438785 3.016024
454 1424.570246 3.016824
455 1425.699480 3.014486
456 1426.488929 3.012535
457 1427.004092 3.010963
458 1427.064986 3.011502
459 1428.958353 3.014503
460 1438.128347 3.021093
461 1438.344016 3.022102
462 1450.420551 3.029632
463 1450.650806 3.030670
464 1451.116741 3.032142
465 1451.564865 3.030701
466 1453.775146 3.033895
467 1453.777630 3.033788
468 1454.300992 3.035335
469 1463.563366 3.041832
470 1463.591139 3.041477
471 1464.546523 3.039399
472 1464.560090 3.039646
473 1464.758271 3.038704
474 1466.762761 3.041694
475 1467.018959 3.040627
476 1467.024780 3.040788
477 1471.475078 3.036361
478 1471.628921 3.037182
479 1472.939912 3.034789
480 1475.101562 3.031723
481 1476.260634 3.029482
482 1476.796051 3.027963
483 1478.068137 3.030300
484 1480.308403 3.027205
485 1480.509771 3.026278
486 1485.415979 3.021716
487 1490.991660 3.016862
488 1494.915346 3.012799
489 1499.828348 3.008262
490 1501.363458 3.005731
491 1501.393927 3.005375
492 1502.239295 3.003504
493 1503.286758 3.005582
494 1504.462505 3.007779
495 1512.104545 3.013370
496 1514.268047 3.010401
497 1518.049670 3.014318
498 1518.856818 3.012512
499 1518.870129 3.012743
500 1519.899801 3.010712
501 1525.130179 3.015281
502 1525.178799 3.015721
503 1525.574559 3.014469
504 1526.145763 3.015970
505 1526.604496 3.014628
506 1528.584088 3.017411
507 1535.490438 3.022600
508 1536.657993 3.020470
509 1537.588408 3.022367
510 1540.473988 3.019033
511 1541.376556 3.020894
512 1542.961321 3.023355
513 1543.122094 3.022573
514 1543.644633 3.021165
515 1545.334377 3.018639
516 1547.858724 3.021721
517 1547.952008 3.021130
518 1549.600378 3.018649
519 1553.433202 3.014873
520 1554.556488 3.012833
521 1556.337512 3.010269
522 1563.494021 3.015398
523 1563.711133 3.014507
524 1566.590552 3.011265
525 1568.178312 3.008863
526 1570.530478 3.011781
527 1570.802217 3.010791
528 1574.144012 3.007326
529 1574.226987 3.006781
530 1577.532340 3.003347
531 1577.605455 3.003857
532 1581.208127 3.000286
533 1581.213057 3.000154
534 1581.406160 3.000978
535 1586.245802 2.996862
536 1586.350671 2.997466
537 1590.417291 2.993708
538 1590.417293 2.993710
539 1590.460356 2.993325
540 1598.012559 2.998419
541 1601.939237 2.994752
542 1607.086039 2.990563
543 1607.090596 2.990438
544 1609.359160 2.993210
545 1609.372873 2.992994
546 1610.598276 2.990965
547 1611.983505 2.993119
548 1635.172367 3.001914
549 1635.190313 3.002158
550 1637.604434 2.999331
551 1639.498961 3.001831
552 1641.868821 2.999040
553 1643.035355 2.997085
554 1644.675695 2.999399
555 1651.572789 3.004135
556 1655.199605 3.000707
557 1656.815429 3.002991
558 1659.605973 2.999995
559 1660.482381 3.001671
560 1662.574390 2.999086
561 1664.880411 3.001795
562 1664.881690 3.001731
563 1668.625956 2.998291
564 1668.668437 2.997926
565 1671.546285 2.994920
566 1673.581640 2.992398
567 1673.581653 2.992404
568 1673.582904 2.992342
569 1673.583706 2.992292
570 1674.345006 2.990760
571 1674.377797 2.991077
572 1679.431792 2.987143
573 1685.380573 2.982883
574 1686.279827 2.984537
575 1686.654375 2.983471
576 1688.466902 2.981132
577 1688.495707 2.981426
578 1688.594400 2.980882
579 1690.736574 2.978352
580 1691.264703 2.977098
581 1691.265436 2.977052
582 1694.674863 2.973876
583 1696.163449 2.975971
584 1698.728751 2.978716
585 1699.925105 2.976844
586 1700.032607 2.977404
587 1700.107881 2.977872
588 1700.339933 2.978692
589 1701.695570 2.980671
590 1701.721232 2.980942
591 1706.878758 2.977096
592 1708.174106 2.975172
593 1709.372920 2.977020
594 1712.834202 2.973886
595 1714.255332 2.975891
596 1726.001240 2.981646
597 1726.215848 2.980869
598 1726.798368 2.979592
599 1731.270851 2.976058
600 1741.391439 2.981365
601 1741.639393 2.980536
602 1744.079977 2.977939
603 1745.575518 2.975909
604 1745.707861 2.976512
605 1748.922810 2.973545
606 1751.035021 2.971145
607 1753.446409 2.968585
608 1758.813403 2.964771
609 1760.212417 2.962828
610 1760.348965 2.962221
611 1761.679012 2.960332
612 1768.814039 2.955964
613 1770.082015 2.954126
614 1770.084833 2.954039
615 1772.809628 2.951353
616 1774.717426 2.949109
617 1774.793418 2.949556
618 1787.836485 2.955405
619 1788.008097 2.956074
620 1793.554235 2.959876
621 1794.831617 2.961697
622 1794.831628 2.961703
623 1795.224498 2.962709
624 1802.084651 2.966910
625 1802.704460 2.965650
626 1805.649041 2.968393
627 1827.531530 2.975860
628 1827.941936 2.976881
629 1830.287923 2.974444
630 1834.375748 2.971232
631 1836.572238 2.968881
632 1838.952036 2.966438
633 1853.259874 2.972419
634 1857.140235 2.969309
635 1863.457052 2.965348
636 1863.464377 2.965483
637 1863.464449 2.965496
638 1863.524134 2.965113
639 1863.553368 2.964845
640 1864.159019 2.963628
641 1864.257229 2.963139
642 1866.172850 2.960981
643 1867.322348 2.959313
644 1871.705866 2.956059
645 1871.777547 2.956474
646 1873.579814 2.958554
647 1875.677460 2.960794
648 1894.737957 2.967537
649 1895.219493 2.968607
650 1895.249512 2.968874
651 1896.045511 2.967502
652 1896.930578 2.966058
653 1902.203562 2.962539
654 1907.351027 2.959067
655 1910.967163 2.956162
656 1911.024598 2.956527
657 1911.376271 2.957431
658 1911.877578 2.958508
659 1912.567909 2.959769
660 1913.074413 2.960848
661 1914.507083 2.959036
662 1918.981849 2.962234
663 1919.595211 2.963416
664 1920.168280 2.964557
665 1922.339329 2.962340
666 1923.060168 2.963616
667 1926.613279 2.966444
668 1927.382231 2.967757
669 1930.159488 2.965265
670 1930.422535 2.964499
671 1930.484692 2.964127
672 1944.826458 2.969766
673 1946.098679 2.968089
674 1956.062591 2.972776
675 1956.421789 2.971887
676 1956.601204 2.971260
677 1961.049845 2.974378
678 1961.446636 2.973448
679 1966.137549 2.970256
680 1966.509414 2.969359
681 1970.172627 2.966546
682 1972.895927 2.968968
683 1972.896501 2.968933
684 1975.301892 2.971202
685 1975.988464 2.969991
686 1979.555390 2.972746
687 2006.818923 2.980352
688 2007.188836 2.981237
689 2007.867217 2.980041
690 2009.943684 2.977951
691 2014.981121 2.981201
692 2016.395653 2.979481
693 2016.512803 2.979975
694 2016.550763 2.979695
695 2016.584093 2.979432
696 2032.597619 2.985185
697 2033.673902 2.983696
698 2035.383109 2.985570
699 2037.066981 2.983712
700 2046.212314 2.988036
701 2046.336066 2.987534
702 2046.958436 2.988658
703 2046.958439 2.988656
704 2049.179387 2.990774
705 2051.233473 2.992809
706 2054.487574 2.995365
707 2054.656777 2.995948
708 2057.831189 2.993429
709 2058.221800 2.992547
710 2062.956422 2.995614
711 2063.712928 2.996838
712 2064.510753 2.995583
713 2065.453081 2.996945
714 2067.974292 2.994720
715 2068.556074 2.995787
716 2069.969691 2.994126
717 2078.688795 2.998247
718 2093.450334 3.003602
719 2093.855032 3.002716
720 2093.994926 3.003236
721 2095.139871 3.004721
722 2096.414373 3.003157
723 2098.056025 3.001383
724 2100.736617 2.999120
725 2102.164773 3.000770
726 2102.629570 3.001709
727 2104.374082 2.999891
728 2128.332596 3.006620
729 2131.469619 3.009051
730 2131.778275 3.009812
731 2134.656899 3.007490
732 2136.406131 3.005682
733 2136.553909 3.005157
734 2136.966996 3.004281
735 2137.160086 3.004879
736 2139.504292 3.006961
737 2139.531467 3.006737
738 2142.231405 3.008965
739 2142.279317 3.009261
740 2144.273925 3.007351
741 2144.444553 3.006794
742 2150.782402 3.010189
743 2151.165280 3.009355
744 2152.573198 3.007759
745 2160.312113 3.004023
746 2162.720759 3.001941
747 2162.725645 3.001847
748 2163.554734 3.003066
749 2165.450902 3.004905
750 2167.614519 3.002943
751 2180.457202 3.007718
752 2190.647073 3.011965
753 2200.873695 3.016215
754 2203.314096 3.014142
755 2203.904892 3.013123
756 2205.915440 3.015000
757 2214.535881 3.018881
758 2214.863913 3.019637
759 2220.223650 3.016585
760 2221.663158 3.015005
761 2222.970162 3.016509
762 2223.507466 3.017471
763 2227.476185 3.014858
764 2229.239738 3.013119
765 2229.681543 3.012250
766 2234.935965 3.015244
767 2238.023357 3.012952
768 2238.056456 3.013189
769 2238.243864 3.012625
770 2239.005657 3.013760
771 2239.012010 3.013656
772 2243.215851 3.010999
773 2250.928708 3.014594
774 2251.065132 3.014116
775 2252.324894 3.012667
776 2252.976380 3.011626
777 2256.192013 3.013936
778 2258.254143 3.012089
779 2262.122544 3.009562
780 2263.086490 3.010822
781 2265.220677 3.008950
782 2267.265962 3.010780
783 2267.307029 3.010521
784 2267.350872 3.010254
785 2267.389532 3.010504
786 2267.562780 3.011034
787 2267.729820 3.011554
788 2272.023543 3.014185
789 2280.643359 3.017909
790 2287.582579 3.014572
791 2287.601717 3.014747
792 2290.418047 3.016867
793 2292.275836 3.015148
794 2295.676117 3.012824
795 2298.692350 3.010638
796 2301.317863 3.012675
797 2301.683035 3.011916
798 2301.688225 3.012006
799 2301.708366 3.011829
800 2301.710683 3.011889
801 2306.713571 3.014683
802 2308.947849 3.012818
803 2311.453205 3.010846
804 2311.737841 3.010182
805 2311.739972 3.010124
806 2311.753152 3.010267
807 2313.426202 3.008663
808 2315.324561 3.006957
809 2317.748790 3.005031
810 2318.225724 3.004178
811 2318.227180 3.004131
812 2319.491540 3.002745
813 2322.252861 3.000700
814 2323.285270 2.999451
815 2325.739465 3.001374
816 2327.928287 2.999560
817 2331.905673 2.997118
818 2334.437412 2.995171
819 2334.668326 2.995758
820 2339.782157 2.992999
821 2339.790069 2.993107
822 2341.056161 2.994477
823 2341.080305 2.994288
824 2345.823837 2.991643
825 2345.834360 2.991519
826 2347.988297 2.989741
827 2348.628707 2.988773
828 2353.576788 2.986085
829 2355.664938 2.987829
830 2359.091343 2.990060
831 2360.100273 2.988851
832 2360.559607 2.989666
833 2360.650903 2.990029
834 2365.110440 2.987495
835 2365.231744 2.987078
836 2366.301849 2.985840
837 2366.477334 2.986341
838 2368.150652 2.984796
839 2368.260880 2.985192
840 2368.549112 2.984552
841 2370.873654 2.982738
842 2371.090796 2.983292
843 2372.747021 2.984820
844 2374.859155 2.986543
845 2375.665579 2.985479
846 2383.172631 2.988720
847 2383.430674 2.989320
848 2385.238426 2.987733
849 2387.693319 2.985887
850 2387.709713 2.986038
851 2389.678718 2.984388
852 2403.224433 2.988710
853 2404.229844 2.989886
854 2406.329553 2.988189
855 2427.518241 2.993575
856 2427.590827 2.993261
857 2428.550616 2.992117
858 2429.934056 2.993488
859 2430.296654 2.994190
860 2430.378247 2.994522
861 2430.382801 2.994444
862 2430.411478 2.994247
863 2435.839894 2.991546
864 2450.350263 2.995957
865 2450.958027 2.996859
866 2451.169253 2.996328
867 2451.322483 2.996780
868 2474.338052 3.002310
869 2489.473650 3.006789
870 2494.946647 3.004099
871 2496.363735 3.002731
872 2496.472029 3.003109
873 2499.129497 3.001241
874 2502.438982 2.999158
875 2502.524241 2.998824
876 2502.603013 2.998503
877 2504.695870 3.000154
878 2507.230139 3.001968
879 2507.435086 3.001453
880 2510.080986 3.003302
881 2510.697606 3.004194
882 2511.794258 3.005382
883 2514.072929 3.003672
884 2514.156743 3.003344
885 2515.132463 3.002227
886 2515.799570 3.001305
887 2522.638944 3.004255
888 2522.859835 3.003725
889 2524.504777 3.005169
890 2524.507257 3.005225
891 2529.435559 3.002732
892 2531.057498 3.004160
893 2531.058182 3.004131
894 2531.698855 3.005027
895 2538.991357 3.008046
896 2539.167522 3.008515
897 2539.599365 3.007781
898 2541.031101 3.009115
899 2541.043606 3.009239
900 2541.147664 3.009598
901 2544.026304 3.007714
902 2544.540233 3.008509
903 2544.888548 3.007855
904 2546.432248 3.009230
905 2548.165426 3.007775
906 2550.640876 3.009512
907 2552.253236 3.010913
908 2564.785800 3.014814
909 2566.528430 3.013361
910 2567.217171 3.012448
911 2567.748832 3.013249
912 2567.778127 3.013061
913 2568.320791 3.012254
914 2575.129328 3.015111
915 2575.191206 3.015383
916 2575.307100 3.015754
917 2578.576900 3.017727
918 2580.113500 3.019078
919 2580.212568 3.019421
920 2580.229559 3.019279
921 2580.343868 3.018912
922 2580.840478 3.019677
923 2581.555965 3.020594
924 2581.959507 3.019906
925 2586.945288 3.022321
926 2586.956159 3.022208
927 2587.030176 3.021915
928 2588.987826 3.020406
929 2605.143633 3.024735
930 2607.728879 3.023005
931 2609.375778 3.021626
932 2610.263369 3.020615
933 2610.395276 3.021004
934 2613.409229 3.019145
935 2621.284850 3.022148
936 2622.103266 3.021181
937 2624.335367 3.022776
938 2624.335368 3.022777
939 2631.094523 3.025547
940 2632.037239 3.026581
941 2632.435709 3.025910
942 2632.461574 3.025739
943 2632.555563 3.025414
944 2633.160849 3.024589
945 2637.884682 3.022288
946 2641.330553 3.020325
947 2708.477853 3.028982
948 2709.366130 3.027987
949 2710.778331 3.026734
950 2724.359947 3.030616
951 2727.688471 3.032535
952 2728.356132 3.031676
953 2730.048716 3.030311
954 2731.515368 3.031581
955 2731.569871 3.031336
956 2732.843937 3.030155
957 2739.254105 3.027508
958 2741.768485 3.025852
959 2746.093914 3.023682
960 2751.796808 3.026171
961 2751.874663 3.025880
962 2754.321716 3.027507
963 2754.460334 3.027120
964 2759.450915 3.024802
965 2765.825979 3.027420
966 2766.609135 3.026503
967 2773.669465 3.023754
968 2775.427923 3.022383
969 2776.989768 3.021093
970 2777.041740 3.020858
971 2777.400002 3.020241
972 2777.462317 3.020498
973 2780.976194 3.018570
974 2781.144589 3.018149
975 2781.160161 3.018277
976 2790.047683 3.021333
977 2804.569234 3.025235
978 2805.985704 3.026453
979 2806.019727 3.026641
980 2806.019785 3.026634
981 2806.468718 3.027317
982 2807.487140 3.028345
983 2807.805651 3.028920
984 2813.076866 3.031254
985 2824.106298 3.034627
986 2825.936058 3.036000
987 2826.707916 3.036891
988 2827.085893 3.037513
989 2827.156836 3.037783
990 2827.273148 3.038127
991 2828.165512 3.037174
992 2829.853358 3.038484
993 2835.911237 3.040964
994 2836.334564 3.040309
995 2839.377606 3.038555
996 2843.089343 3.036619
997 2844.671877 3.035357
998 2856.313159 3.038778
999 2867.727625 3.042161
1000 2874.612205 3.039536
